#os pontos estão no padrão:
#x1
#y1
#x2
#y2
#....
#e assim por diante


B1:
6.731380222907347
-5.851950998317925
-0.9170595953590457
-6.206193254353812
4.280598087039266
6.410921107644871
7.901759329662802
-5.248729527134288
-1.4578621429724148
-4.7261744694386
7.589963025543923
-3.2186136013135407
-7.3428210642738545
-9.993572443050313
4.916473491685778
0.7517216392431063
1.8698360633874866
-5.217089808154309
-7.1893319631661505
9.66833380303563

B2
1.1793507574690132
-9.723297682382668
4.95156400677331
-7.6417513366244965
8.0777866787129
-1.8471047739268869
4.357163930250515
2.2077339912913594
-6.123712473706395
3.674791305161399

C1
5.803016309337895
-1.4333291596181734
1.6918595341659817
9.757369425018346
6.92305908009623
-7.81660785373049
-5.989319517244938
9.506865048374465
-5.321572833547901
6.276115668308876
9.599198503328509
7.925644966062848
5.352154479718557
-8.161015580480589
7.688505628601476
-1.3381381823623038
-8.040126125022969
0.522819044595412
-7.9518620670767115
5.696343994617878
-1.0690533276077296
3.5821301484832713
8.927858320941489
9.055434041552314
1.3323128037051077
5.285355702846825
-7.507099572330294
-0.9191015390427495
7.824212759021762
-8.820975504024675

C2
-7.386922839463073
0.8631407924480587
2.052628397362117
7.336751801482414
7.5685290730271575
6.766360130915459
0.3139292777726528
4.110281333901833
7.911890618442303
3.595900067275764
7.6998859394745764
-0.9422750228161441
8.084632855844887
-1.6915229286025184
9.15086985221689
-0.19922215033695423
-2.1691136062951504
3.86566117154576
0.8466553571671316
-9.743529309576292
2.2207546557099693
5.630265742992677
6.414849443454056
9.896571440694888
-9.190554640113916
9.331161625901476
-1.0945697736091713
2.9541216888866835
-8.866741586473207
2.4928397193144765
9.02248747892482
0.5853910909857021
-2.1537992952495832
-4.629120673533036
-2.7798524093507098
-2.0659551872285604
-9.093346527989032
3.4937282245478904
6.846764597688207
1.6355587303385466
-4.943294213383769
8.069960615635814
8.92304773547037
0.007093488216069588
6.9325637900039325
-5.243838942354082
7.787770563068886
2.3210505880910794
4.100384115493235
-0.7168352698043776
-8.761956054994183
-7.506115900678969
-1.4469321797064865
3.05717507225879
-5.55752880109968
-0.8946073128927612
0.6140177847583992
-2.1874473765084357
7.538208169936556
-6.153819692982292